wgEncodeAwgTfbsHaibHepg2Sin3ak20Pcr1xUniPk: 0.7245508982035929 0.7986485390567168 0.8031897811265538
wgEncodeAwgTfbsSydhGm12878P300bUniPk: 0.52 0.8599778513494748 0.8318889825883578
wgEncodeAwgTfbsSydhGm12878Stat3IggmusUniPk: 0.5449548488417746 0.7210378792364935 0.673571932068888
wgEncodeAwgTfbsSydhGm12878TbpIggmusUniPk: 0.4929553264604811 0.7640370537704899 0.7386568425071002
wgEncodeAwgTfbsSydhGm12891NfkbTnfaIggrabUniPk: 0.7333451767631907 0.8577023032287417 0.875108754374786
wgEncodeAwgTfbsSydhGm12892NfkbTnfaIggrabUniPk: 0.7668635374572583 0.84741661004135 0.8631667842547115
wgEncodeAwgTfbsSydhGm18526NfkbTnfaIggrabUniPk: 0.5091210613598673 0.7871893093807101 0.754593339647718
wgEncodeAwgTfbsSydhGm19099NfkbTnfaIggrabUniPk: 0.7664041994750657 0.8574513843551417 0.8463478696908727
wgEncodeAwgTfbsSydhH1hescCebpbIggrabUniPk: 0.9086302713305001 0.9668242871026737 0.9715208073877
wgEncodeAwgTfbsSydhH1hescCtbp2UcdUniPk: 0.6887464387464387 0.766033346946748 0.7582211674138701
wgEncodeAwgTfbsSydhH1hescJundIggrabUniPk: 0.6830892143808256 0.8671615832032912 0.8673157550791032
wgEncodeAwgTfbsSydhH1hescMaxUcdUniPk: 0.7625882889040784 0.902584429820459 0.9132725753031187
wgEncodeAwgTfbsSydhH1hescSin3anb6001263IggrabUniPk: 0.7395845697329377 0.8123344494399855 0.8159355507597977
wgEncodeAwgTfbsSydhHelas3CebpbIggrabUniPk: 0.8526386781318496 0.925797484506663 0.9295401760675996
wgEncodeAwgTfbsSydhHelas3CfosUniPk: 0.8653421633554084 0.9262827228957936 0.9369583464804963
wgEncodeAwgTfbsSydhHelas3CjunIggrabUniPk: 0.5553208963979819 0.9159936390659456 0.9231902945567625
wgEncodeAwgTfbsSydhHelas3Hae2f1UniPk: 0.6455727863931966 0.8283400863414061 0.8230621975658878
wgEncodeAwgTfbsSydhHelas3JundIggrabUniPk: 0.8653767986342574 0.940280009605967 0.9481448765549092
wgEncodeAwgTfbsSydhHelas3MaxIggrabUniPk: 0.7422314550333247 0.8201288343168496 0.822218407354199
wgEncodeAwgTfbsSydhHelas3P300sc584sc584IggrabUniPk: 0.7912775680508642 0.8806886640528969 0.8869658672192213
wgEncodeAwgTfbsSydhHelas3Stat3IggrabUniPk: 0.6636987571879057 0.8586604098734608 0.8654272338211628
wgEncodeAwgTfbsSydhHepg2CebpbForsklnUniPk: 0.8329197684036393 0.9446033404160604 0.9496201114730584
wgEncodeAwgTfbsSydhHepg2CebpbIggrabUniPk: 0.5277166838727052 0.9631183442787494 0.9633153535830467
wgEncodeAwgTfbsSydhHepg2CjunIggrabUniPk: 0.8520958083832335 0.9529702922959626 0.9471016263963054
wgEncodeAwgTfbsSydhHepg2Corestsc30189IggrabUniPk: 0.5641146077970879 0.7231075978527385 0.6931321622237878
wgEncodeAwgTfbsSydhHepg2JundIggrabUniPk: 0.914622641509434 0.9571269809166333 0.9660546661568473
wgEncodeAwgTfbsSydhHepg2MaxIggrabUniPk: 0.5775458031529612 0.8440497249284 0.8192545776560068
wgEncodeAwgTfbsSydhHepg2TbpIggrabUniPk: 0.7033492822966507 0.7788601014791638 0.7826878680853326
wgEncodeAwgTfbsSydhHuvecCfosUcdUniPk: 0.5124719039526342 0.9409582278331883 0.9481487771964283
wgEncodeAwgTfbsSydhHuvecCjunUniPk: 0.8074054804023586 0.953761268788282 0.9535739077118781
wgEncodeAwgTfbsSydhHuvecGata2UcdUniPk: 0.7503514197357324 0.8473124740801442 0.8530419755921409
wgEncodeAwgTfbsSydhHuvecMaxUniPk: 0.613932833749653 0.9075598894651732 0.91321206610845
wgEncodeAwgTfbsSydhImr90CebpbIggrabUniPk: 0.5137815371153566 0.9250076662736774 0.9327241929898329
wgEncodeAwgTfbsSydhK562CebpbIggrabUniPk: 0.5880561440677966 0.9646176664241058 0.9661994987851693
wgEncodeAwgTfbsSydhK562CfosUniPk: 0.7971256684491979 0.9616309542161245 0.9673090344738234
wgEncodeAwgTfbsSydhK562CjunUniPk: 0.8546301086394206 0.9263560689770636 0.9205715275538908
wgEncodeAwgTfbsSydhK562Corestsc30189IggrabUniPk: 0.7462463530918665 0.8434486443546899 0.8517147891857231
wgEncodeAwgTfbsSydhK562Gata2UcdUniPk: 0.650012010569301 0.9081501117101812 0.9167022351875465
wgEncodeAwgTfbsSydhK562JundIggrabUniPk: 0.49907578558225507 0.9191812934776197 0.9278750301702843
wgEncodeAwgTfbsSydhK562MaxIggrabUniPk: 0.7055578093306288 0.8551883967708994 0.8543624482773824
wgEncodeAwgTfbsSydhK562P300IggrabUniPk: 0.5713861680023746 0.8500576803116695 0.8606683696808594
wgEncodeAwgTfbsSydhK562TbpIggmusUniPk: 0.6261518209741115 0.7875827072173065 0.8003434220513399
wgEncodeAwgTfbsSydhK562Yy1UcdUniPk: 0.881675392670157 0.9449810082721477 0.9557041791486964
wgEncodeAwgTfbsSydhMcf10aesCfosTam112hHvdUniPk: 0.883927824413643 0.9548810896746092 0.9543414409434801
wgEncodeAwgTfbsSydhMcf10aesCfosTam14hHvdUniPk: 0.8629773269689738 0.9425339915790605 0.9415930962785276
wgEncodeAwgTfbsSydhMcf10aesCfosTamHvdUniPk: 0.8205671685426107 0.9602813668897324 0.9604663419366709
wgEncodeAwgTfbsSydhMcf10aesStat3Etoh01bUniPk: 0.8451400329489291 0.928679822705454 0.9314787912591886
wgEncodeAwgTfbsSydhMcf10aesStat3Etoh01cUniPk: 0.8506843376478603 0.9379882674062257 0.9402722357633563
wgEncodeAwgTfbsSydhMcf10aesStat3Etoh01UniPk: 0.8414860681114551 0.9243833319756656 0.9274385005289081
wgEncodeAwgTfbsSydhMcf10aesStat3Tam112hHvdUniPk: 0.8270700841523736 0.9240009378973932 0.9275177426452572
wgEncodeAwgTfbsSydhMcf10aesStat3TamUniPk: 0.5980244916820703 0.9409271881418727 0.9404355916646214
wgEncodeAwgTfbsSydhMcf7Gata3UcdUniPk: 0.5869837296620776 0.7704598016432727 0.7398390659701981
wgEncodeAwgTfbsSydhMcf7Hae2f1UcdUniPk: 0.5936685773840542 0.7820244366130584 0.7830433255587915
wgEncodeAwgTfbsSydhNb4CmycUniPk: 0.6634345001454475 0.850060161818177 0.8621934441546999
wgEncodeAwgTfbsSydhNb4MaxUniPk: 0.7692138133725203 0.8560663968424411 0.8677739324664256
wgEncodeAwgTfbsSydhNt2d1Yy1UcdUniPk: 0.6614890198178897 0.9372383902780077 0.9507736477937913
wgEncodeAwgTfbsSydhShsy5yGata2UcdUniPk: 0.786970823798627 0.8883896170708047 0.8886633602639811
wgEncodeAwgTfbsSydhShsy5yGata3sc269sc269UcdUniPk: 0.5109009297851875 0.8574515485496306 0.8652263434776029
wgEncodeAwgTfbsUchicagoK562EfosUniPk: 0.5955334987593052 0.9495407748714415 0.9594119839337736
wgEncodeAwgTfbsUchicagoK562Egata2UniPk: 0.7185695246557086 0.8213633802483341 0.8276863510204018
wgEncodeAwgTfbsUchicagoK562Ehdac8UniPk: 0.5862573099415205 0.6238032904699572 0.5602122955113267
wgEncodeAwgTfbsUchicagoK562EjundUniPk: 0.7622330747869386 0.8792319668429608 0.8930277185426604
wgEncodeAwgTfbsUtaGm12878CmycUniPk: 0.5541838134430727 0.7572815533980582 0.7457272781311404
wgEncodeAwgTfbsUtaGm12878CtcfUniPk: 0.8941431900021182 0.9742868213976126 0.9752614979093824
wgEncodeAwgTfbsHaibHepg2Hdac2sc6296V0416101UniPk: 0.6381411544127494 0.8275315338712015 0.8372482010408369
wgEncodeAwgTfbsHaibHepg2GabpPcr2xUniPk: 0.7634928716904277 0.8769114398606186 0.8876593425324446
wgEncodeAwgTfbsHaibHepg2Foxa1sc6553V0416101UniPk: 0.8663741523733546 0.9451993291911057 0.9474225701916281
wgEncodeAwgTfbsHaibHepg2Foxa1sc101058V0416101UniPk: 0.7801989578398864 0.9140373738657277 0.916878286776186
wgEncodeAwgTfbsHaibHepg2Fosl2V0416101UniPk: 0.8205645161290323 0.8996497276201316 0.9107947272075586
wgEncodeAwgTfbsBroadH1hescCtcfUniPk: 0.8636116926416996 0.9481280723121448 0.9507501034329144
wgEncodeAwgTfbsHaibHepg2Elf1sc631V0416101UniPk: 0.8440457691764374 0.9190484575376661 0.9234205434583215
wgEncodeAwgTfbsHaibHepg2Cebpbsc150V0416101UniPk: 0.8834760634564088 0.9563698393191696 0.9599279089392296
wgEncodeAwgTfbsHaibHelas3GabpPcr1xUniPk: 0.8311737804878049 0.907077383608508 0.9217711538865541
wgEncodeAwgTfbsHaibHct116Yy1sc281V0416101UniPk: 0.7110357214128916 0.8638321657332558 0.8758279236979272
wgEncodeAwgTfbsHaibH1hescYy1sc281V0416102UniPk: 0.7211216517857143 0.8852687682737085 0.8996254508247118
wgEncodeAwgTfbsHaibH1hescTead4sc101184V0422111UniPk: 0.8683570239467281 0.940551614706052 0.9446769523088071
wgEncodeAwgTfbsHaibH1hescSrfPcr1xUniPk: 0.8292561158262606 0.9142050269693617 0.9263410373955261
wgEncodeAwgTfbsHaibH1hescSp2V0422111UniPk: 0.7703549060542797 0.8466882553684825 0.8524814291906938
wgEncodeAwgTfbsHaibH1hescSp1Pcr1xUniPk: 0.5216508795669824 0.8260351653809774 0.8246451561253305
wgEncodeAwgTfbsHaibH1hescHdac2sc6296V0416102UniPk: 0.5109423849933006 0.792082648452835 0.7787360966364915
wgEncodeAwgTfbsBroadNhaCtcfUniPk: 0.8753520182378973 0.9498488205608353 0.9593072220513352
wgEncodeAwgTfbsBroadK562Hdac6a301341aUniPk: 0.5685393258426966 0.603343035006872 0.6019237699357931
wgEncodeAwgTfbsBroadK562CtcfUniPk: 0.49291221089281273 0.9096774567776933 0.9102901870538028
wgEncodeAwgTfbsBroadHuvecCtcfUniPk: 0.8437973289274404 0.9611592133020115 0.9672122593519581
wgEncodeAwgTfbsBroadHsmmtCtcfUniPk: 0.892484679066767 0.953876237302784 0.9615454388863949
wgEncodeAwgTfbsBroadHsmmEzh239875UniPk: 0.5681818181818182 0.6367768812951538 0.5965003612556594
wgEncodeAwgTfbsBroadHsmmCtcfUniPk: 0.9037955465587044 0.9684564855975668 0.9716656846900711
wgEncodeAwgTfbsBroadHmecCtcfUniPk: 0.8170992168791664 0.9655335354814274 0.971403721281454
wgEncodeAwgTfbsBroadHepg2Ezh239875UniPk: 0.5622612681436211 0.6998529308775124 0.6661973570378169
wgEncodeAwgTfbsBroadHepg2CtcfUniPk: 0.6636987058953655 0.9552183135186254 0.9617555299586413
wgEncodeAwgTfbsBroadHelas3CtcfUniPk: 0.7759463060751123 0.9323806410947106 0.9466206279894034
wgEncodeAwgTfbsBroadGm12878CtcfUniPk: 0.7465291779480385 0.9432495434239104 0.9527967360971126
wgEncodeAwgTfbsBroadDnd41Ezh239875UniPk: 0.5059701492537313 0.6731991147283501 0.6585812445000814
wgEncodeAwgTfbsBroadDnd41Ezh239875UniPk: 0.6432835820895523 0.7493128435782109 0.7715984924370953
wgEncodeAwgTfbsBroadDnd41Ezh239875UniPk: 0.6402985074626866 0.7636360391232955 0.766174064705879
wgEncodeAwgTfbsSydhGm12878Stat3IggmusUniPk: 0.6321162151550844 0.7538725548252107 0.744476468570392
wgEncodeAwgTfbsSydhHelas3Stat3IggrabUniPk: 0.7859395288443702 0.8791611726765344 0.8942914368777672
wgEncodeAwgTfbsSydhMcf10aesStat3Etoh01bUniPk: 0.8833153439754587 0.9528624011179243 0.9543761700363086
wgEncodeAwgTfbsSydhMcf10aesStat3Etoh01cUniPk: 0.8178609029541091 0.9511610471308032 0.9516377202949862
wgEncodeAwgTfbsSydhMcf10aesStat3Etoh01UniPk: 0.853250773993808 0.9365289764355461 0.9393745694205059
wgEncodeAwgTfbsSydhMcf10aesStat3Tam112hHvdUniPk: 0.8803237618038158 0.9523243827572136 0.9527884207155662
wgEncodeAwgTfbsSydhMcf10aesStat3TamUniPk: 0.8782925138632163 0.9585132709370054 0.959632188361786
wgEncodeAwgTfbsSydhGm12878Stat3IggmusUniPk: 0.6313309776207303 0.7490660962081286 0.7400851817230416
wgEncodeAwgTfbsSydhHelas3Stat3IggrabUniPk: 0.7560749397143387 0.8804036014327096 0.8951526163802439
wgEncodeAwgTfbsSydhMcf10aesStat3Etoh01bUniPk: 0.8716127932738738 0.9502118441942343 0.9521744402210358
wgEncodeAwgTfbsSydhMcf10aesStat3Etoh01cUniPk: 0.8587353687991577 0.953523879053837 0.9553203748059417
wgEncodeAwgTfbsSydhMcf10aesStat3Etoh01UniPk: 0.803921568627451 0.9281477924152159 0.9356899369688095
wgEncodeAwgTfbsSydhMcf10aesStat3Tam112hHvdUniPk: 0.8795529003661592 0.9493967629499828 0.9505179268003634
wgEncodeAwgTfbsSydhMcf10aesStat3TamUniPk: 0.8855129390018485 0.9553055486356555 0.9563233178761896
wgEncodeAwgTfbsSydhGm12878Stat3IggmusUniPk: 0.6996466431095406 0.7654630781074199 0.7609389666852935
wgEncodeAwgTfbsSydhHelas3Stat3IggrabUniPk: 0.8009645705805973 0.88355847564936 0.897721343310011
wgEncodeAwgTfbsSydhMcf10aesStat3Etoh01bUniPk: 0.8662159859114924 0.9498597753477629 0.9511571024150683
wgEncodeAwgTfbsSydhMcf10aesStat3Etoh01cUniPk: 0.8775623954914226 0.9486252799764937 0.9492976407477076
wgEncodeAwgTfbsSydhMcf10aesStat3Etoh01UniPk: 0.8656346749226006 0.9408482344468367 0.9437310670997028
wgEncodeAwgTfbsSydhMcf10aesStat3Tam112hHvdUniPk: 0.8640071947067515 0.9511065934747959 0.952679877556047
wgEncodeAwgTfbsSydhMcf10aesStat3TamUniPk: 0.8899607208872459 0.9586877925557775 0.9597262739538801
wgEncodeAwgTfbsSydhGm12878Stat3IggmusUniPk: 0.690223792697291 0.7634934910483409 0.7544713806616753
wgEncodeAwgTfbsSydhHelas3Stat3IggrabUniPk: 0.7972546837321461 0.8835522118811157 0.8989112536903547
wgEncodeAwgTfbsSydhMcf10aesStat3Etoh01bUniPk: 0.875646196671022 0.9479679386329342 0.9498661328217128
wgEncodeAwgTfbsSydhMcf10aesStat3Etoh01cUniPk: 0.8767572923762929 0.9499951304433635 0.9506827543947884
wgEncodeAwgTfbsSydhMcf10aesStat3Etoh01UniPk: 0.8470588235294118 0.9397432406040588 0.9407088878198635
wgEncodeAwgTfbsSydhMcf10aesStat3Tam112hHvdUniPk: 0.8685681248795529 0.9506085686385072 0.950884020981779
wgEncodeAwgTfbsSydhMcf10aesStat3TamUniPk: 0.8878234750462107 0.9552463759837111 0.9568323981245656
wgEncodeAwgTfbsSydhGm12878Stat3IggmusUniPk: 0.6643109540636042 0.744302199917096 0.7400285184696791
wgEncodeAwgTfbsSydhHelas3Stat3IggrabUniPk: 0.7770358004080875 0.8733189353851696 0.8884060785642864
wgEncodeAwgTfbsSydhMcf10aesStat3Etoh01UniPk: 0.8679050567595459 0.9401162867980504 0.9418714620952994
wgEncodeAwgTfbsSydhMcf10aesStat3Etoh01bUniPk: 0.8750781116855082 0.9509158076052552 0.9528702468317563
wgEncodeAwgTfbsSydhMcf10aesStat3Etoh01cUniPk: 0.8767572923762929 0.9481592508259221 0.9470465131433506
wgEncodeAwgTfbsSydhMcf10aesStat3Tam112hHvdUniPk: 0.8607952720498491 0.9515211121000318 0.9522868842403595
wgEncodeAwgTfbsSydhMcf10aesStat3TamUniPk: 0.8875346580406654 0.958139149225794 0.9591777550909668
wgEncodeAwgTfbsHaibHepg2Fosl2V0416101UniPk: 0.8431595720464375 0.9431628199276789 0.9551565747231759
wgEncodeAwgTfbsHaibK562Fosl1sc183V0416101UniPk: 0.9027999089460506 0.958793733623015 0.9660717650840503
wgEncodeAwgTfbsSydhGm12878CfosUniPk: 0.520828590940132 0.6016331696308467 0.5691363249375758
wgEncodeAwgTfbsSydhHelas3CfosUniPk: 0.8877760072843159 0.9384621251973737 0.9529026358689917
wgEncodeAwgTfbsSydhK562CfosUniPk: 0.8718415661279308 0.9230652202480367 0.9392897814076802
wgEncodeAwgTfbsUchicagoK562EfosUniPk: 0.8952879581151832 0.9500073166596402 0.9597791220854562
wgEncodeAwgTfbsHaibK562Fosl1sc183V0416101UniPk: 0.8991577509674482 0.9571695595453805 0.9649151412316628
